Top 20
Hit Ratio:0.04455195697951654
Precision:0.042745032559692774
Recall:0.0775497011402328
NDCG:0.07342581272296389
